14 6 6 6 6 6 6 6 4 6 6 6 6 6 4 5 
12 5 12 4 7 14 4 6 3 12 7 12 7 13 11 9 
9 10 3 10 5 12 2 7 12 2 4 2 4 2 5 9 
10 5 12 7 10 3 14 4 3 13 11 13 11 12 3 9 
12 3 9 14 4 6 6 3 13 10 4 2 6 3 13 9 
9 12 2 6 3 12 4 6 0 5 10 4 7 12 1 9 
9 9 13 13 12 3 11 14 3 10 5 10 5 9 9 9 
9 8 0 0 3 12 6 4 5 12 2 7 9 9 9 9 
9 9 11 11 14 0 7 10 3 10 5 12 3 9 9 9 
9 8 4 7 14 2 5 14 5 12 1 8 7 9 9 9 
9 11 10 6 5 14 2 6 2 1 11 10 5 9 9 9 
9 14 5 14 2 6 6 6 5 11 12 7 8 3 9 9 
10 5 8 7 12 5 12 5 10 5 9 13 9 13 9 9 
12 3 9 12 1 9 9 8 5 8 1 10 3 8 3 9 
8 7 8 3 9 9 9 9 10 1 8 5 13 9 14 1 
10 6 2 6 3 10 3 11 14 2 3 11 10 2 6 3 
